0: 10 11 12
1: 13 14 15
2: 16 17 18
3: 19 20 21
4: 22 23 24
5: 25 26 27
6: 28 29 30
7: 31 32 33
8: 34 35 36
9: 37 38 39
10: 0 40 41 42
11: 0 43 44 45
12: 0 46 47 48
13: 1 49 50 51
14: 1 52 53 54
15: 1 55 56 57
16: 2 58 59
17: 2 40 41 42
18: 2 43 44 45
19: 3 46 47 48
20: 3 49 50 51
21: 3 52 53 54
22: 4 55 56 57
23: 4 58 59
24: 4 40 41 42
25: 5 43 44 45
26: 5 46 47 48
27: 5 49 50 51
28: 6 52 53 54
29: 6 55 56 57
30: 6 58 59
31: 7 40 41 42
32: 7 43 44 45
33: 7 46 47 48
34: 8 49 50 51
35: 8 52 53 54
36: 8 55 56 57
37: 9 58 59
38: 9
39: 9
40: 10 17 24 31
41: 10 17 24 31
42: 10 17 24 31
43: 11 18 25 32
44: 11 18 25 32
45: 11 18 25 32
46: 12 19 26 33
47: 12 19 26 33
48: 12 19 26 33
49: 13 20 27 34
50: 13 20 27 34
51: 13 20 27 34
52: 14 21 28 35
53: 14 21 28 35
54: 14 21 28 35
55: 15 22 29 36
56: 15 22 29 36
57: 15 22 29 36
58: 16 23 30 37
59: 16 23 30 37
